{
 "cells": [
  {
   "cell_type": "code",
   "execution_count": 2,
   "metadata": {},
   "outputs": [],
   "source": [
    "import numpy as np\n",
    "import pandas as pd\n",
    "from sklearn import datasets\n",
    "from matplotlib import pyplot as plt\n",
    "from pandas.plotting import scatter_matrix\n",
    "from sklearn.preprocessing import StandardScaler\n",
    "from sklearn.model_selection import train_test_split, KFold, cross_val_score, GridSearchCV\n",
    "from sklearn.linear_model import LinearRegression, Lasso, ElasticNet\n",
    "from sklearn.tree import DecisionTreeRegressor\n",
    "from sklearn.neighbors import KNeighborsRegressor\n",
    "from sklearn.svm import SVR\n",
    "from sklearn.pipeline import Pipeline\n",
    "from sklearn.ensemble import RandomForestRegressor, GradientBoostingRegressor, ExtraTreesRegressor, AdaBoostRegressor\n",
    "from sklearn.metrics import mean_squared_error, r2_score, median_absolute_error"
   ]
  },
  {
   "cell_type": "code",
   "execution_count": 3,
   "metadata": {},
   "outputs": [],
   "source": [
    "X, y = datasets.load_boston(return_X_y=True)\n",
    "\n",
    "names = ['CRIM', 'ZN', 'INDUS', 'CHAS', 'NOX', 'RM', 'AGE', 'DIS', 'RAD', 'TAX', 'PTRATIO',\n",
    "        'B', 'LSTAT']\n",
    "\n",
    "df = pd.DataFrame(X, columns = names)\n",
    "df['MEDV'] = y"
   ]
  },
  {
   "cell_type": "code",
   "execution_count": 4,
   "metadata": {},
   "outputs": [
    {
     "data": {
      "text/plain": [
       "(506, 14)"
      ]
     },
     "execution_count": 4,
     "metadata": {},
     "output_type": "execute_result"
    }
   ],
   "source": [
    "df.shape"
   ]
  },
  {
   "cell_type": "code",
   "execution_count": 5,
   "metadata": {},
   "outputs": [
    {
     "data": {
      "text/plain": [
       "CRIM       float64\n",
       "ZN         float64\n",
       "INDUS      float64\n",
       "CHAS       float64\n",
       "NOX        float64\n",
       "RM         float64\n",
       "AGE        float64\n",
       "DIS        float64\n",
       "RAD        float64\n",
       "TAX        float64\n",
       "PTRATIO    float64\n",
       "B          float64\n",
       "LSTAT      float64\n",
       "MEDV       float64\n",
       "dtype: object"
      ]
     },
     "execution_count": 5,
     "metadata": {},
     "output_type": "execute_result"
    }
   ],
   "source": [
    "df.dtypes"
   ]
  },
  {
   "cell_type": "code",
   "execution_count": 6,
   "metadata": {},
   "outputs": [
    {
     "data": {
      "text/html": [
       "<div>\n",
       "<style scoped>\n",
       "    .dataframe tbody tr th:only-of-type {\n",
       "        vertical-align: middle;\n",
       "    }\n",
       "\n",
       "    .dataframe tbody tr th {\n",
       "        vertical-align: top;\n",
       "    }\n",
       "\n",
       "    .dataframe thead th {\n",
       "        text-align: right;\n",
       "    }\n",
       "</style>\n",
       "<table border=\"1\" class=\"dataframe\">\n",
       "  <thead>\n",
       "    <tr style=\"text-align: right;\">\n",
       "      <th></th>\n",
       "      <th>CRIM</th>\n",
       "      <th>ZN</th>\n",
       "      <th>INDUS</th>\n",
       "      <th>CHAS</th>\n",
       "      <th>NOX</th>\n",
       "      <th>RM</th>\n",
       "      <th>AGE</th>\n",
       "      <th>DIS</th>\n",
       "      <th>RAD</th>\n",
       "      <th>TAX</th>\n",
       "      <th>PTRATIO</th>\n",
       "      <th>B</th>\n",
       "      <th>LSTAT</th>\n",
       "      <th>MEDV</th>\n",
       "    </tr>\n",
       "  </thead>\n",
       "  <tbody>\n",
       "    <tr>\n",
       "      <th>0</th>\n",
       "      <td>0.00632</td>\n",
       "      <td>18.0</td>\n",
       "      <td>2.31</td>\n",
       "      <td>0.0</td>\n",
       "      <td>0.538</td>\n",
       "      <td>6.575</td>\n",
       "      <td>65.2</td>\n",
       "      <td>4.0900</td>\n",
       "      <td>1.0</td>\n",
       "      <td>296.0</td>\n",
       "      <td>15.3</td>\n",
       "      <td>396.90</td>\n",
       "      <td>4.98</td>\n",
       "      <td>24.0</td>\n",
       "    </tr>\n",
       "    <tr>\n",
       "      <th>1</th>\n",
       "      <td>0.02731</td>\n",
       "      <td>0.0</td>\n",
       "      <td>7.07</td>\n",
       "      <td>0.0</td>\n",
       "      <td>0.469</td>\n",
       "      <td>6.421</td>\n",
       "      <td>78.9</td>\n",
       "      <td>4.9671</td>\n",
       "      <td>2.0</td>\n",
       "      <td>242.0</td>\n",
       "      <td>17.8</td>\n",
       "      <td>396.90</td>\n",
       "      <td>9.14</td>\n",
       "      <td>21.6</td>\n",
       "    </tr>\n",
       "    <tr>\n",
       "      <th>2</th>\n",
       "      <td>0.02729</td>\n",
       "      <td>0.0</td>\n",
       "      <td>7.07</td>\n",
       "      <td>0.0</td>\n",
       "      <td>0.469</td>\n",
       "      <td>7.185</td>\n",
       "      <td>61.1</td>\n",
       "      <td>4.9671</td>\n",
       "      <td>2.0</td>\n",
       "      <td>242.0</td>\n",
       "      <td>17.8</td>\n",
       "      <td>392.83</td>\n",
       "      <td>4.03</td>\n",
       "      <td>34.7</td>\n",
       "    </tr>\n",
       "    <tr>\n",
       "      <th>3</th>\n",
       "      <td>0.03237</td>\n",
       "      <td>0.0</td>\n",
       "      <td>2.18</td>\n",
       "      <td>0.0</td>\n",
       "      <td>0.458</td>\n",
       "      <td>6.998</td>\n",
       "      <td>45.8</td>\n",
       "      <td>6.0622</td>\n",
       "      <td>3.0</td>\n",
       "      <td>222.0</td>\n",
       "      <td>18.7</td>\n",
       "      <td>394.63</td>\n",
       "      <td>2.94</td>\n",
       "      <td>33.4</td>\n",
       "    </tr>\n",
       "    <tr>\n",
       "      <th>4</th>\n",
       "      <td>0.06905</td>\n",
       "      <td>0.0</td>\n",
       "      <td>2.18</td>\n",
       "      <td>0.0</td>\n",
       "      <td>0.458</td>\n",
       "      <td>7.147</td>\n",
       "      <td>54.2</td>\n",
       "      <td>6.0622</td>\n",
       "      <td>3.0</td>\n",
       "      <td>222.0</td>\n",
       "      <td>18.7</td>\n",
       "      <td>396.90</td>\n",
       "      <td>5.33</td>\n",
       "      <td>36.2</td>\n",
       "    </tr>\n",
       "  </tbody>\n",
       "</table>\n",
       "</div>"
      ],
      "text/plain": [
       "      CRIM    ZN  INDUS  CHAS    NOX     RM   AGE     DIS  RAD    TAX  \\\n",
       "0  0.00632  18.0   2.31   0.0  0.538  6.575  65.2  4.0900  1.0  296.0   \n",
       "1  0.02731   0.0   7.07   0.0  0.469  6.421  78.9  4.9671  2.0  242.0   \n",
       "2  0.02729   0.0   7.07   0.0  0.469  7.185  61.1  4.9671  2.0  242.0   \n",
       "3  0.03237   0.0   2.18   0.0  0.458  6.998  45.8  6.0622  3.0  222.0   \n",
       "4  0.06905   0.0   2.18   0.0  0.458  7.147  54.2  6.0622  3.0  222.0   \n",
       "\n",
       "   PTRATIO       B  LSTAT  MEDV  \n",
       "0     15.3  396.90   4.98  24.0  \n",
       "1     17.8  396.90   9.14  21.6  \n",
       "2     17.8  392.83   4.03  34.7  \n",
       "3     18.7  394.63   2.94  33.4  \n",
       "4     18.7  396.90   5.33  36.2  "
      ]
     },
     "execution_count": 6,
     "metadata": {},
     "output_type": "execute_result"
    }
   ],
   "source": [
    "df.head()"
   ]
  },
  {
   "cell_type": "code",
   "execution_count": 7,
   "metadata": {},
   "outputs": [
    {
     "data": {
      "text/html": [
       "<div>\n",
       "<style scoped>\n",
       "    .dataframe tbody tr th:only-of-type {\n",
       "        vertical-align: middle;\n",
       "    }\n",
       "\n",
       "    .dataframe tbody tr th {\n",
       "        vertical-align: top;\n",
       "    }\n",
       "\n",
       "    .dataframe thead th {\n",
       "        text-align: right;\n",
       "    }\n",
       "</style>\n",
       "<table border=\"1\" class=\"dataframe\">\n",
       "  <thead>\n",
       "    <tr style=\"text-align: right;\">\n",
       "      <th></th>\n",
       "      <th>CRIM</th>\n",
       "      <th>ZN</th>\n",
       "      <th>INDUS</th>\n",
       "      <th>CHAS</th>\n",
       "      <th>NOX</th>\n",
       "      <th>RM</th>\n",
       "      <th>AGE</th>\n",
       "      <th>DIS</th>\n",
       "      <th>RAD</th>\n",
       "      <th>TAX</th>\n",
       "      <th>PTRATIO</th>\n",
       "      <th>B</th>\n",
       "      <th>LSTAT</th>\n",
       "      <th>MEDV</th>\n",
       "    </tr>\n",
       "  </thead>\n",
       "  <tbody>\n",
       "    <tr>\n",
       "      <th>count</th>\n",
       "      <td>506.0000</td>\n",
       "      <td>506.0000</td>\n",
       "      <td>506.0000</td>\n",
       "      <td>506.0000</td>\n",
       "      <td>506.0000</td>\n",
       "      <td>506.0000</td>\n",
       "      <td>506.0000</td>\n",
       "      <td>506.0000</td>\n",
       "      <td>506.0000</td>\n",
       "      <td>506.0000</td>\n",
       "      <td>506.0000</td>\n",
       "      <td>506.0000</td>\n",
       "      <td>506.0000</td>\n",
       "      <td>506.0000</td>\n",
       "    </tr>\n",
       "    <tr>\n",
       "      <th>mean</th>\n",
       "      <td>3.6135</td>\n",
       "      <td>11.3636</td>\n",
       "      <td>11.1368</td>\n",
       "      <td>0.0692</td>\n",
       "      <td>0.5547</td>\n",
       "      <td>6.2846</td>\n",
       "      <td>68.5749</td>\n",
       "      <td>3.7950</td>\n",
       "      <td>9.5494</td>\n",
       "      <td>408.2372</td>\n",
       "      <td>18.4555</td>\n",
       "      <td>356.6740</td>\n",
       "      <td>12.6531</td>\n",
       "      <td>22.5328</td>\n",
       "    </tr>\n",
       "    <tr>\n",
       "      <th>std</th>\n",
       "      <td>8.6015</td>\n",
       "      <td>23.3225</td>\n",
       "      <td>6.8604</td>\n",
       "      <td>0.2540</td>\n",
       "      <td>0.1159</td>\n",
       "      <td>0.7026</td>\n",
       "      <td>28.1489</td>\n",
       "      <td>2.1057</td>\n",
       "      <td>8.7073</td>\n",
       "      <td>168.5371</td>\n",
       "      <td>2.1649</td>\n",
       "      <td>91.2949</td>\n",
       "      <td>7.1411</td>\n",
       "      <td>9.1971</td>\n",
       "    </tr>\n",
       "    <tr>\n",
       "      <th>min</th>\n",
       "      <td>0.0063</td>\n",
       "      <td>0.0000</td>\n",
       "      <td>0.4600</td>\n",
       "      <td>0.0000</td>\n",
       "      <td>0.3850</td>\n",
       "      <td>3.5610</td>\n",
       "      <td>2.9000</td>\n",
       "      <td>1.1296</td>\n",
       "      <td>1.0000</td>\n",
       "      <td>187.0000</td>\n",
       "      <td>12.6000</td>\n",
       "      <td>0.3200</td>\n",
       "      <td>1.7300</td>\n",
       "      <td>5.0000</td>\n",
       "    </tr>\n",
       "    <tr>\n",
       "      <th>25%</th>\n",
       "      <td>0.0820</td>\n",
       "      <td>0.0000</td>\n",
       "      <td>5.1900</td>\n",
       "      <td>0.0000</td>\n",
       "      <td>0.4490</td>\n",
       "      <td>5.8855</td>\n",
       "      <td>45.0250</td>\n",
       "      <td>2.1002</td>\n",
       "      <td>4.0000</td>\n",
       "      <td>279.0000</td>\n",
       "      <td>17.4000</td>\n",
       "      <td>375.3775</td>\n",
       "      <td>6.9500</td>\n",
       "      <td>17.0250</td>\n",
       "    </tr>\n",
       "    <tr>\n",
       "      <th>50%</th>\n",
       "      <td>0.2565</td>\n",
       "      <td>0.0000</td>\n",
       "      <td>9.6900</td>\n",
       "      <td>0.0000</td>\n",
       "      <td>0.5380</td>\n",
       "      <td>6.2085</td>\n",
       "      <td>77.5000</td>\n",
       "      <td>3.2074</td>\n",
       "      <td>5.0000</td>\n",
       "      <td>330.0000</td>\n",
       "      <td>19.0500</td>\n",
       "      <td>391.4400</td>\n",
       "      <td>11.3600</td>\n",
       "      <td>21.2000</td>\n",
       "    </tr>\n",
       "    <tr>\n",
       "      <th>75%</th>\n",
       "      <td>3.6771</td>\n",
       "      <td>12.5000</td>\n",
       "      <td>18.1000</td>\n",
       "      <td>0.0000</td>\n",
       "      <td>0.6240</td>\n",
       "      <td>6.6235</td>\n",
       "      <td>94.0750</td>\n",
       "      <td>5.1884</td>\n",
       "      <td>24.0000</td>\n",
       "      <td>666.0000</td>\n",
       "      <td>20.2000</td>\n",
       "      <td>396.2250</td>\n",
       "      <td>16.9550</td>\n",
       "      <td>25.0000</td>\n",
       "    </tr>\n",
       "    <tr>\n",
       "      <th>max</th>\n",
       "      <td>88.9762</td>\n",
       "      <td>100.0000</td>\n",
       "      <td>27.7400</td>\n",
       "      <td>1.0000</td>\n",
       "      <td>0.8710</td>\n",
       "      <td>8.7800</td>\n",
       "      <td>100.0000</td>\n",
       "      <td>12.1265</td>\n",
       "      <td>24.0000</td>\n",
       "      <td>711.0000</td>\n",
       "      <td>22.0000</td>\n",
       "      <td>396.9000</td>\n",
       "      <td>37.9700</td>\n",
       "      <td>50.0000</td>\n",
       "    </tr>\n",
       "  </tbody>\n",
       "</table>\n",
       "</div>"
      ],
      "text/plain": [
       "           CRIM        ZN     INDUS      CHAS       NOX        RM       AGE  \\\n",
       "count  506.0000  506.0000  506.0000  506.0000  506.0000  506.0000  506.0000   \n",
       "mean     3.6135   11.3636   11.1368    0.0692    0.5547    6.2846   68.5749   \n",
       "std      8.6015   23.3225    6.8604    0.2540    0.1159    0.7026   28.1489   \n",
       "min      0.0063    0.0000    0.4600    0.0000    0.3850    3.5610    2.9000   \n",
       "25%      0.0820    0.0000    5.1900    0.0000    0.4490    5.8855   45.0250   \n",
       "50%      0.2565    0.0000    9.6900    0.0000    0.5380    6.2085   77.5000   \n",
       "75%      3.6771   12.5000   18.1000    0.0000    0.6240    6.6235   94.0750   \n",
       "max     88.9762  100.0000   27.7400    1.0000    0.8710    8.7800  100.0000   \n",
       "\n",
       "            DIS       RAD       TAX   PTRATIO         B     LSTAT      MEDV  \n",
       "count  506.0000  506.0000  506.0000  506.0000  506.0000  506.0000  506.0000  \n",
       "mean     3.7950    9.5494  408.2372   18.4555  356.6740   12.6531   22.5328  \n",
       "std      2.1057    8.7073  168.5371    2.1649   91.2949    7.1411    9.1971  \n",
       "min      1.1296    1.0000  187.0000   12.6000    0.3200    1.7300    5.0000  \n",
       "25%      2.1002    4.0000  279.0000   17.4000  375.3775    6.9500   17.0250  \n",
       "50%      3.2074    5.0000  330.0000   19.0500  391.4400   11.3600   21.2000  \n",
       "75%      5.1884   24.0000  666.0000   20.2000  396.2250   16.9550   25.0000  \n",
       "max     12.1265   24.0000  711.0000   22.0000  396.9000   37.9700   50.0000  "
      ]
     },
     "execution_count": 7,
     "metadata": {},
     "output_type": "execute_result"
    }
   ],
   "source": [
    "pd.set_option('precision', 4)\n",
    "df.describe()"
   ]
  },
  {
   "cell_type": "code",
   "execution_count": 8,
   "metadata": {},
   "outputs": [
    {
     "data": {
      "text/plain": [
       "CRIM       0\n",
       "ZN         0\n",
       "INDUS      3\n",
       "CHAS       0\n",
       "NOX        3\n",
       "RM         0\n",
       "AGE        2\n",
       "DIS        3\n",
       "RAD        1\n",
       "TAX        2\n",
       "PTRATIO    0\n",
       "B          0\n",
       "LSTAT      1\n",
       "MEDV       1\n",
       "dtype: int64"
      ]
     },
     "execution_count": 8,
     "metadata": {},
     "output_type": "execute_result"
    }
   ],
   "source": [
    "#Shows the amount of correlation coefficients above or below .7 and -.7 for each variable\n",
    "#This is useful for focusing attention to specific areas in the following correlation coefficient matrix\n",
    "\n",
    "big_pos = df.corr(method = 'pearson') >= .7\n",
    "big_neg = df.corr(method = 'pearson') <= -.7\n",
    "big_pos = big_pos.sum() - 1                 #remove one because every variable has itself in the matrix for a correlation coeffiction of 1\n",
    "big_neg = big_neg.sum()\n",
    "big_corrs = big_pos + big_neg\n",
    "big_corrs"
   ]
  },
  {
   "cell_type": "code",
   "execution_count": 9,
   "metadata": {},
   "outputs": [
    {
     "data": {
      "text/html": [
       "<div>\n",
       "<style scoped>\n",
       "    .dataframe tbody tr th:only-of-type {\n",
       "        vertical-align: middle;\n",
       "    }\n",
       "\n",
       "    .dataframe tbody tr th {\n",
       "        vertical-align: top;\n",
       "    }\n",
       "\n",
       "    .dataframe thead th {\n",
       "        text-align: right;\n",
       "    }\n",
       "</style>\n",
       "<table border=\"1\" class=\"dataframe\">\n",
       "  <thead>\n",
       "    <tr style=\"text-align: right;\">\n",
       "      <th></th>\n",
       "      <th>CRIM</th>\n",
       "      <th>ZN</th>\n",
       "      <th>INDUS</th>\n",
       "      <th>CHAS</th>\n",
       "      <th>NOX</th>\n",
       "      <th>RM</th>\n",
       "      <th>AGE</th>\n",
       "      <th>DIS</th>\n",
       "      <th>RAD</th>\n",
       "      <th>TAX</th>\n",
       "      <th>PTRATIO</th>\n",
       "      <th>B</th>\n",
       "      <th>LSTAT</th>\n",
       "      <th>MEDV</th>\n",
       "    </tr>\n",
       "  </thead>\n",
       "  <tbody>\n",
       "    <tr>\n",
       "      <th>CRIM</th>\n",
       "      <td>1.0000</td>\n",
       "      <td>-0.2005</td>\n",
       "      <td>0.4066</td>\n",
       "      <td>-0.0559</td>\n",
       "      <td>0.4210</td>\n",
       "      <td>-0.2192</td>\n",
       "      <td>0.3527</td>\n",
       "      <td>-0.3797</td>\n",
       "      <td>0.6255</td>\n",
       "      <td>0.5828</td>\n",
       "      <td>0.2899</td>\n",
       "      <td>-0.3851</td>\n",
       "      <td>0.4556</td>\n",
       "      <td>-0.3883</td>\n",
       "    </tr>\n",
       "    <tr>\n",
       "      <th>ZN</th>\n",
       "      <td>-0.2005</td>\n",
       "      <td>1.0000</td>\n",
       "      <td>-0.5338</td>\n",
       "      <td>-0.0427</td>\n",
       "      <td>-0.5166</td>\n",
       "      <td>0.3120</td>\n",
       "      <td>-0.5695</td>\n",
       "      <td>0.6644</td>\n",
       "      <td>-0.3119</td>\n",
       "      <td>-0.3146</td>\n",
       "      <td>-0.3917</td>\n",
       "      <td>0.1755</td>\n",
       "      <td>-0.4130</td>\n",
       "      <td>0.3604</td>\n",
       "    </tr>\n",
       "    <tr>\n",
       "      <th>INDUS</th>\n",
       "      <td>0.4066</td>\n",
       "      <td>-0.5338</td>\n",
       "      <td>1.0000</td>\n",
       "      <td>0.0629</td>\n",
       "      <td>0.7637</td>\n",
       "      <td>-0.3917</td>\n",
       "      <td>0.6448</td>\n",
       "      <td>-0.7080</td>\n",
       "      <td>0.5951</td>\n",
       "      <td>0.7208</td>\n",
       "      <td>0.3832</td>\n",
       "      <td>-0.3570</td>\n",
       "      <td>0.6038</td>\n",
       "      <td>-0.4837</td>\n",
       "    </tr>\n",
       "    <tr>\n",
       "      <th>CHAS</th>\n",
       "      <td>-0.0559</td>\n",
       "      <td>-0.0427</td>\n",
       "      <td>0.0629</td>\n",
       "      <td>1.0000</td>\n",
       "      <td>0.0912</td>\n",
       "      <td>0.0913</td>\n",
       "      <td>0.0865</td>\n",
       "      <td>-0.0992</td>\n",
       "      <td>-0.0074</td>\n",
       "      <td>-0.0356</td>\n",
       "      <td>-0.1215</td>\n",
       "      <td>0.0488</td>\n",
       "      <td>-0.0539</td>\n",
       "      <td>0.1753</td>\n",
       "    </tr>\n",
       "    <tr>\n",
       "      <th>NOX</th>\n",
       "      <td>0.4210</td>\n",
       "      <td>-0.5166</td>\n",
       "      <td>0.7637</td>\n",
       "      <td>0.0912</td>\n",
       "      <td>1.0000</td>\n",
       "      <td>-0.3022</td>\n",
       "      <td>0.7315</td>\n",
       "      <td>-0.7692</td>\n",
       "      <td>0.6114</td>\n",
       "      <td>0.6680</td>\n",
       "      <td>0.1889</td>\n",
       "      <td>-0.3801</td>\n",
       "      <td>0.5909</td>\n",
       "      <td>-0.4273</td>\n",
       "    </tr>\n",
       "    <tr>\n",
       "      <th>RM</th>\n",
       "      <td>-0.2192</td>\n",
       "      <td>0.3120</td>\n",
       "      <td>-0.3917</td>\n",
       "      <td>0.0913</td>\n",
       "      <td>-0.3022</td>\n",
       "      <td>1.0000</td>\n",
       "      <td>-0.2403</td>\n",
       "      <td>0.2052</td>\n",
       "      <td>-0.2098</td>\n",
       "      <td>-0.2920</td>\n",
       "      <td>-0.3555</td>\n",
       "      <td>0.1281</td>\n",
       "      <td>-0.6138</td>\n",
       "      <td>0.6954</td>\n",
       "    </tr>\n",
       "    <tr>\n",
       "      <th>AGE</th>\n",
       "      <td>0.3527</td>\n",
       "      <td>-0.5695</td>\n",
       "      <td>0.6448</td>\n",
       "      <td>0.0865</td>\n",
       "      <td>0.7315</td>\n",
       "      <td>-0.2403</td>\n",
       "      <td>1.0000</td>\n",
       "      <td>-0.7479</td>\n",
       "      <td>0.4560</td>\n",
       "      <td>0.5065</td>\n",
       "      <td>0.2615</td>\n",
       "      <td>-0.2735</td>\n",
       "      <td>0.6023</td>\n",
       "      <td>-0.3770</td>\n",
       "    </tr>\n",
       "    <tr>\n",
       "      <th>DIS</th>\n",
       "      <td>-0.3797</td>\n",
       "      <td>0.6644</td>\n",
       "      <td>-0.7080</td>\n",
       "      <td>-0.0992</td>\n",
       "      <td>-0.7692</td>\n",
       "      <td>0.2052</td>\n",
       "      <td>-0.7479</td>\n",
       "      <td>1.0000</td>\n",
       "      <td>-0.4946</td>\n",
       "      <td>-0.5344</td>\n",
       "      <td>-0.2325</td>\n",
       "      <td>0.2915</td>\n",
       "      <td>-0.4970</td>\n",
       "      <td>0.2499</td>\n",
       "    </tr>\n",
       "    <tr>\n",
       "      <th>RAD</th>\n",
       "      <td>0.6255</td>\n",
       "      <td>-0.3119</td>\n",
       "      <td>0.5951</td>\n",
       "      <td>-0.0074</td>\n",
       "      <td>0.6114</td>\n",
       "      <td>-0.2098</td>\n",
       "      <td>0.4560</td>\n",
       "      <td>-0.4946</td>\n",
       "      <td>1.0000</td>\n",
       "      <td>0.9102</td>\n",
       "      <td>0.4647</td>\n",
       "      <td>-0.4444</td>\n",
       "      <td>0.4887</td>\n",
       "      <td>-0.3816</td>\n",
       "    </tr>\n",
       "    <tr>\n",
       "      <th>TAX</th>\n",
       "      <td>0.5828</td>\n",
       "      <td>-0.3146</td>\n",
       "      <td>0.7208</td>\n",
       "      <td>-0.0356</td>\n",
       "      <td>0.6680</td>\n",
       "      <td>-0.2920</td>\n",
       "      <td>0.5065</td>\n",
       "      <td>-0.5344</td>\n",
       "      <td>0.9102</td>\n",
       "      <td>1.0000</td>\n",
       "      <td>0.4609</td>\n",
       "      <td>-0.4418</td>\n",
       "      <td>0.5440</td>\n",
       "      <td>-0.4685</td>\n",
       "    </tr>\n",
       "    <tr>\n",
       "      <th>PTRATIO</th>\n",
       "      <td>0.2899</td>\n",
       "      <td>-0.3917</td>\n",
       "      <td>0.3832</td>\n",
       "      <td>-0.1215</td>\n",
       "      <td>0.1889</td>\n",
       "      <td>-0.3555</td>\n",
       "      <td>0.2615</td>\n",
       "      <td>-0.2325</td>\n",
       "      <td>0.4647</td>\n",
       "      <td>0.4609</td>\n",
       "      <td>1.0000</td>\n",
       "      <td>-0.1774</td>\n",
       "      <td>0.3740</td>\n",
       "      <td>-0.5078</td>\n",
       "    </tr>\n",
       "    <tr>\n",
       "      <th>B</th>\n",
       "      <td>-0.3851</td>\n",
       "      <td>0.1755</td>\n",
       "      <td>-0.3570</td>\n",
       "      <td>0.0488</td>\n",
       "      <td>-0.3801</td>\n",
       "      <td>0.1281</td>\n",
       "      <td>-0.2735</td>\n",
       "      <td>0.2915</td>\n",
       "      <td>-0.4444</td>\n",
       "      <td>-0.4418</td>\n",
       "      <td>-0.1774</td>\n",
       "      <td>1.0000</td>\n",
       "      <td>-0.3661</td>\n",
       "      <td>0.3335</td>\n",
       "    </tr>\n",
       "    <tr>\n",
       "      <th>LSTAT</th>\n",
       "      <td>0.4556</td>\n",
       "      <td>-0.4130</td>\n",
       "      <td>0.6038</td>\n",
       "      <td>-0.0539</td>\n",
       "      <td>0.5909</td>\n",
       "      <td>-0.6138</td>\n",
       "      <td>0.6023</td>\n",
       "      <td>-0.4970</td>\n",
       "      <td>0.4887</td>\n",
       "      <td>0.5440</td>\n",
       "      <td>0.3740</td>\n",
       "      <td>-0.3661</td>\n",
       "      <td>1.0000</td>\n",
       "      <td>-0.7377</td>\n",
       "    </tr>\n",
       "    <tr>\n",
       "      <th>MEDV</th>\n",
       "      <td>-0.3883</td>\n",
       "      <td>0.3604</td>\n",
       "      <td>-0.4837</td>\n",
       "      <td>0.1753</td>\n",
       "      <td>-0.4273</td>\n",
       "      <td>0.6954</td>\n",
       "      <td>-0.3770</td>\n",
       "      <td>0.2499</td>\n",
       "      <td>-0.3816</td>\n",
       "      <td>-0.4685</td>\n",
       "      <td>-0.5078</td>\n",
       "      <td>0.3335</td>\n",
       "      <td>-0.7377</td>\n",
       "      <td>1.0000</td>\n",
       "    </tr>\n",
       "  </tbody>\n",
       "</table>\n",
       "</div>"
      ],
      "text/plain": [
       "           CRIM      ZN   INDUS    CHAS     NOX      RM     AGE     DIS  \\\n",
       "CRIM     1.0000 -0.2005  0.4066 -0.0559  0.4210 -0.2192  0.3527 -0.3797   \n",
       "ZN      -0.2005  1.0000 -0.5338 -0.0427 -0.5166  0.3120 -0.5695  0.6644   \n",
       "INDUS    0.4066 -0.5338  1.0000  0.0629  0.7637 -0.3917  0.6448 -0.7080   \n",
       "CHAS    -0.0559 -0.0427  0.0629  1.0000  0.0912  0.0913  0.0865 -0.0992   \n",
       "NOX      0.4210 -0.5166  0.7637  0.0912  1.0000 -0.3022  0.7315 -0.7692   \n",
       "RM      -0.2192  0.3120 -0.3917  0.0913 -0.3022  1.0000 -0.2403  0.2052   \n",
       "AGE      0.3527 -0.5695  0.6448  0.0865  0.7315 -0.2403  1.0000 -0.7479   \n",
       "DIS     -0.3797  0.6644 -0.7080 -0.0992 -0.7692  0.2052 -0.7479  1.0000   \n",
       "RAD      0.6255 -0.3119  0.5951 -0.0074  0.6114 -0.2098  0.4560 -0.4946   \n",
       "TAX      0.5828 -0.3146  0.7208 -0.0356  0.6680 -0.2920  0.5065 -0.5344   \n",
       "PTRATIO  0.2899 -0.3917  0.3832 -0.1215  0.1889 -0.3555  0.2615 -0.2325   \n",
       "B       -0.3851  0.1755 -0.3570  0.0488 -0.3801  0.1281 -0.2735  0.2915   \n",
       "LSTAT    0.4556 -0.4130  0.6038 -0.0539  0.5909 -0.6138  0.6023 -0.4970   \n",
       "MEDV    -0.3883  0.3604 -0.4837  0.1753 -0.4273  0.6954 -0.3770  0.2499   \n",
       "\n",
       "            RAD     TAX  PTRATIO       B   LSTAT    MEDV  \n",
       "CRIM     0.6255  0.5828   0.2899 -0.3851  0.4556 -0.3883  \n",
       "ZN      -0.3119 -0.3146  -0.3917  0.1755 -0.4130  0.3604  \n",
       "INDUS    0.5951  0.7208   0.3832 -0.3570  0.6038 -0.4837  \n",
       "CHAS    -0.0074 -0.0356  -0.1215  0.0488 -0.0539  0.1753  \n",
       "NOX      0.6114  0.6680   0.1889 -0.3801  0.5909 -0.4273  \n",
       "RM      -0.2098 -0.2920  -0.3555  0.1281 -0.6138  0.6954  \n",
       "AGE      0.4560  0.5065   0.2615 -0.2735  0.6023 -0.3770  \n",
       "DIS     -0.4946 -0.5344  -0.2325  0.2915 -0.4970  0.2499  \n",
       "RAD      1.0000  0.9102   0.4647 -0.4444  0.4887 -0.3816  \n",
       "TAX      0.9102  1.0000   0.4609 -0.4418  0.5440 -0.4685  \n",
       "PTRATIO  0.4647  0.4609   1.0000 -0.1774  0.3740 -0.5078  \n",
       "B       -0.4444 -0.4418  -0.1774  1.0000 -0.3661  0.3335  \n",
       "LSTAT    0.4887  0.5440   0.3740 -0.3661  1.0000 -0.7377  \n",
       "MEDV    -0.3816 -0.4685  -0.5078  0.3335 -0.7377  1.0000  "
      ]
     },
     "execution_count": 9,
     "metadata": {},
     "output_type": "execute_result"
    }
   ],
   "source": [
    "df.corr(method = 'pearson')"
   ]
  },
  {
   "cell_type": "code",
   "execution_count": 10,
   "metadata": {},
   "outputs": [
    {
     "data": {
